comuna,isce_total_2018,Shape,Shape_Length,Shape_Area
1.0,,"(4718611.922461629, 2254112.982707406)",9604.448561523164,3097940.950849382
1.0,3.827010858,"(4718611.922461629, 2254112.982707406)",9604.448561523164,3097940.950849382
1.0,4.189029288,"(4718611.922461629, 2254112.982707406)",9604.448561523164,3097940.950849382
1.0,4.647782111,"(4718611.922461629, 2254112.982707406)",9604.448561523164,3097940.950849382
1.0,6.450701785,"(4718611.922461629, 2254112.982707406)",9604.448561523164,3097940.950849382
1.0,5.572459769,"(4718611.922461629, 2254112.982707406)",9604.448561523164,3097940.950849382
1.0,4.198701334,"(4718611.922461629, 2254112.982707406)",9604.448561523164,3097940.950849382
1.0,4.449004698,"(4718611.922461629, 2254112.982707406)",9604.448561523164,3097940.950849382
1.0,4.460389829,"(4718611.922461629, 2254112.982707406)",9604.448561523164,3097940.950849382
1.0,4.044489956,"(4718611.922461629, 2254112.982707406)",9604.448561523164,3097940.950849382
1.0,4.7159307,"(4718611.922461629, 2254112.982707406)",9604.448561523164,3097940.950849382
1.0,4.022311282,"(4718611.922461629, 2254112.982707406)",9604.448561523164,3097940.950849382
1.0,5.351823831,"(4718611.922461629, 2254112.982707406)",9604.448561523164,3097940.950849382
1.0,4.613488317,"(4718611.922461629, 2254112.982707406)",9604.448561523164,3097940.950849382
1.0,,"(4718611.922461629, 2254112.982707406)",9604.448561523164,3097940.950849382
1.0,,"(4718611.922461629, 2254112.982707406)",9604.448561523164,3097940.950849382
1.0,,"(4718611.922461629, 2254112.982707406)",9604.448561523164,3097940.950849382
1.0,6.314961362,"(4718611.922461629, 2254112.982707406)",9604.448561523164,3097940.950849382
1.0,4.811675036,"(4718611.922461629, 2254112.982707406)",9604.448561523164,3097940.950849382
1.0,,"(4718611.922461629, 2254112.982707406)",9604.448561523164,3097940.950849382
1.0,,"(4718611.922461629, 2254112.982707406)",9604.448561523164,3097940.950849382
1.0,8.064896774,"(4718611.922461629, 2254112.982707406)",9604.448561523164,3097940.950849382
2.0,5.01307478,"(4717471.901360827, 2254648.3111255593)",8597.294373605435,2195662.601386407
2.0,4.119230127,"(4717471.901360827, 2254648.3111255593)",8597.294373605435,2195662.601386407
2.0,5.944346356,"(4717471.901360827, 2254648.3111255593)",8597.294373605435,2195662.601386407
2.0,4.604968238,"(4717471.901360827, 2254648.3111255593)",8597.294373605435,2195662.601386407
2.0,5.363600826,"(4717471.901360827, 2254648.3111255593)",8597.294373605435,2195662.601386407
2.0,3.921436059,"(4717471.901360827, 2254648.3111255593)",8597.294373605435,2195662.601386407
2.0,5.386994505,"(4717471.901360827, 2254648.3111255593)",8597.294373605435,2195662.601386407
2.0,4.54329344,"(4717471.901360827, 2254648.3111255593)",8597.294373605435,2195662.601386407
2.0,6.766200376,"(4717471.901360827, 2254648.3111255593)",8597.294373605435,2195662.601386407
2.0,4.14452498,"(4717471.901360827, 2254648.3111255593)",8597.294373605435,2195662.601386407
2.0,,"(4717471.901360827, 2254648.3111255593)",8597.294373605435,2195662.601386407
2.0,4.152332783,"(4717471.901360827, 2254648.3111255593)",8597.294373605435,2195662.601386407
2.0,4.959523726,"(4717471.901360827, 2254648.3111255593)",8597.294373605435,2195662.601386407
2.0,,"(4717471.901360827, 2254648.3111255593)",8597.294373605435,2195662.601386407
3.0,4.423223805,"(4718479.607630689, 2251852.4937053234)",12077.5591324662,5096182.230156728
3.0,4.397349834,"(4718479.607630689, 2251852.4937053234)",12077.5591324662,5096182.230156728
3.0,5.570503306,"(4718479.607630689, 2251852.4937053234)",12077.5591324662,5096182.230156728
3.0,3.985565436,"(4718479.607630689, 2251852.4937053234)",12077.5591324662,5096182.230156728
3.0,6.100852752,"(4718479.607630689, 2251852.4937053234)",12077.5591324662,5096182.230156728
3.0,4.195186615,"(4718479.607630689, 2251852.4937053234)",12077.5591324662,5096182.230156728
3.0,5.476330519,"(4718479.607630689, 2251852.4937053234)",12077.5591324662,5096182.230156728
3.0,5.599570179,"(4718479.607630689, 2251852.4937053234)",12077.5591324662,5096182.230156728
3.0,4.542234945,"(4718479.607630689, 2251852.4937053234)",12077.5591324662,5096182.230156728
3.0,4.72250762,"(4718479.607630689, 2251852.4937053234)",12077.5591324662,5096182.230156728
3.0,4.951274061,"(4718479.607630689, 2251852.4937053234)",12077.5591324662,5096182.230156728
3.0,5.268360376,"(4718479.607630689, 2251852.4937053234)",12077.5591324662,5096182.230156728
3.0,4.9013942,"(4718479.607630689, 2251852.4937053234)",12077.5591324662,5096182.230156728
3.0,4.303948236,"(4718479.607630689, 2251852.4937053234)",12077.5591324662,5096182.230156728
3.0,4.155555272,"(4718479.607630689, 2251852.4937053234)",12077.5591324662,5096182.230156728
3.0,4.840865755,"(4718479.607630689, 2251852.4937053234)",12077.5591324662,5096182.230156728
3.0,6.664955568,"(4718479.607630689, 2251852.4937053234)",12077.5591324662,5096182.230156728
3.0,5.647929955,"(4718479.607630689, 2251852.4937053234)",12077.5591324662,5096182.230156728
3.0,7.027969384,"(4718479.607630689, 2251852.4937053234)",12077.5591324662,5096182.230156728
3.0,,"(4718479.607630689, 2251852.4937053234)",12077.5591324662,5096182.230156728
3.0,5.567105293,"(4718479.607630689, 2251852.4937053234)",12077.5591324662,5096182.230156728
3.0,,"(4718479.607630689, 2251852.4937053234)",12077.5591324662,5096182.230156728
3.0,4.243136704,"(4718479.607630689, 2251852.4937053234)",12077.5591324662,5096182.230156728
3.0,,"(4718479.607630689, 2251852.4937053234)",12077.5591324662,5096182.230156728
3.0,,"(4718479.607630689, 2251852.4937053234)",12077.5591324662,5096182.230156728
4.0,6.312616277,"(4716680.291627194, 2252195.0294205956)",9642.676543479753,4883314.087520373
4.0,4.487208819,"(4716680.291627194, 2252195.0294205956)",9642.676543479753,4883314.087520373
4.0,5.921243262,"(4716680.291627194, 2252195.0294205956)",9642.676543479753,4883314.087520373
4.0,5.052106261,"(4716680.291627194, 2252195.0294205956)",9642.676543479753,4883314.087520373
4.0,4.646415377,"(4716680.291627194, 2252195.0294205956)",9642.676543479753,4883314.087520373
4.0,4.532074785,"(4716680.291627194, 2252195.0294205956)",9642.676543479753,4883314.087520373
4.0,5.469851279,"(4716680.291627194, 2252195.0294205956)",9642.676543479753,4883314.087520373
4.0,4.877395892,"(4716680.291627194, 2252195.0294205956)",9642.676543479753,4883314.087520373
4.0,5.189669013,"(4716680.291627194, 2252195.0294205956)",9642.676543479753,4883314.087520373
4.0,4.750182295,"(4716680.291627194, 2252195.0294205956)",9642.676543479753,4883314.087520373
4.0,5.340201283,"(4716680.291627194, 2252195.0294205956)",9642.676543479753,4883314.087520373
4.0,6.286526179,"(4716680.291627194, 2252195.0294205956)",9642.676543479753,4883314.087520373
4.0,4.881264234,"(4716680.291627194, 2252195.0294205956)",9642.676543479753,4883314.087520373
4.0,4.909692216,"(4716680.291627194, 2252195.0294205956)",9642.676543479753,4883314.087520373
4.0,7.164039445,"(4716680.291627194, 2252195.0294205956)",9642.676543479753,4883314.087520373
4.0,6.605940437,"(4716680.291627194, 2252195.0294205956)",9642.676543479753,4883314.087520373
4.0,6.858040619,"(4716680.291627194, 2252195.0294205956)",9642.676543479753,4883314.087520373
4.0,7.214817309,"(4716680.291627194, 2252195.0294205956)",9642.676543479753,4883314.087520373
4.0,5.856949091,"(4716680.291627194, 2252195.0294205956)",9642.676543479753,4883314.087520373
4.0,7.638999605,"(4716680.291627194, 2252195.0294205956)",9642.676543479753,4883314.087520373
4.0,6.025368166,"(4716680.291627194, 2252195.0294205956)",9642.676543479753,4883314.087520373
4.0,4.863155365,"(4716680.291627194, 2252195.0294205956)",9642.676543479753,4883314.087520373
4.0,,"(4716680.291627194, 2252195.0294205956)",9642.676543479753,4883314.087520373
4.0,,"(4716680.291627194, 2252195.0294205956)",9642.676543479753,4883314.087520373
4.0,4.562015986,"(4716680.291627194, 2252195.0294205956)",9642.676543479753,4883314.087520373
4.0,,"(4716680.291627194, 2252195.0294205956)",9642.676543479753,4883314.087520373
4.0,,"(4716680.291627194, 2252195.0294205956)",9642.676543479753,4883314.087520373
5.0,7.14555819,"(4715903.412076725, 2253981.9996353034)",16098.03210800692,6063915.514971976
5.0,5.210989547,"(4715903.412076725, 2253981.9996353034)",16098.03210800692,6063915.514971976
5.0,6.519139624,"(4715903.412076725, 2253981.9996353034)",16098.03210800692,6063915.514971976
5.0,4.116325283,"(4715903.412076725, 2253981.9996353034)",16098.03210800692,6063915.514971976
5.0,4.857117975,"(4715903.412076725, 2253981.9996353034)",16098.03210800692,6063915.514971976
5.0,4.969572186,"(4715903.412076725, 2253981.9996353034)",16098.03210800692,6063915.514971976
5.0,6.187080765,"(4715903.412076725, 2253981.9996353034)",16098.03210800692,6063915.514971976
5.0,5.95467608,"(4715903.412076725, 2253981.9996353034)",16098.03210800692,6063915.514971976
5.0,5.103337312,"(4715903.412076725, 2253981.9996353034)",16098.03210800692,6063915.514971976
5.0,4.334142053,"(4715903.412076725, 2253981.9996353034)",16098.03210800692,6063915.514971976
5.0,5.927393508,"(4715903.412076725, 2253981.9996353034)",16098.03210800692,6063915.514971976
5.0,5.751020765,"(4715903.412076725, 2253981.9996353034)",16098.03210800692,6063915.514971976
5.0,5.155787158,"(4715903.412076725, 2253981.9996353034)",16098.03210800692,6063915.514971976
5.0,5.602390814,"(4715903.412076725, 2253981.9996353034)",16098.03210800692,6063915.514971976
5.0,4.61151607,"(4715903.412076725, 2253981.9996353034)",16098.03210800692,6063915.514971976
5.0,5.364217114,"(4715903.412076725, 2253981.9996353034)",16098.03210800692,6063915.514971976
5.0,5.531731272,"(4715903.412076725, 2253981.9996353034)",16098.03210800692,6063915.514971976
5.0,5.240387678,"(4715903.412076725, 2253981.9996353034)",16098.03210800692,6063915.514971976
5.0,,"(4715903.412076725, 2253981.9996353034)",16098.03210800692,6063915.514971976
5.0,,"(4715903.412076725, 2253981.9996353034)",16098.03210800692,6063915.514971976
5.0,6.418774676,"(4715903.412076725, 2253981.9996353034)",16098.03210800692,6063915.514971976
5.0,6.055834866,"(4715903.412076725, 2253981.9996353034)",16098.03210800692,6063915.514971976
5.0,6.513367462,"(4715903.412076725, 2253981.9996353034)",16098.03210800692,6063915.514971976
5.0,7.191044235,"(4715903.412076725, 2253981.9996353034)",16098.03210800692,6063915.514971976
5.0,7.130949998,"(4715903.412076725, 2253981.9996353034)",16098.03210800692,6063915.514971976
5.0,,"(4715903.412076725, 2253981.9996353034)",16098.03210800692,6063915.514971976
5.0,,"(4715903.412076725, 2253981.9996353034)",16098.03210800692,6063915.514971976
6.0,5.052012396,"(4714743.451115304, 2254761.3938639592)",10709.846407300312,3849812.072760197
6.0,4.971433687,"(4714743.451115304, 2254761.3938639592)",10709.846407300312,3849812.072760197
6.0,4.392885947,"(4714743.451115304, 2254761.3938639592)",10709.846407300312,3849812.072760197
6.0,5.949408293,"(4714743.451115304, 2254761.3938639592)",10709.846407300312,3849812.072760197
6.0,4.14922477,"(4714743.451115304, 2254761.3938639592)",10709.846407300312,3849812.072760197
6.0,4.907540512,"(4714743.451115304, 2254761.3938639592)",10709.846407300312,3849812.072760197
6.0,4.133009624,"(4714743.451115304, 2254761.3938639592)",10709.846407300312,3849812.072760197
6.0,5.569310617,"(4714743.451115304, 2254761.3938639592)",10709.846407300312,3849812.072760197
6.0,4.792395926,"(4714743.451115304, 2254761.3938639592)",10709.846407300312,3849812.072760197
6.0,4.694492877,"(4714743.451115304, 2254761.3938639592)",10709.846407300312,3849812.072760197
6.0,4.555479097,"(4714743.451115304, 2254761.3938639592)",10709.846407300312,3849812.072760197
6.0,5.629153776,"(4714743.451115304, 2254761.3938639592)",10709.846407300312,3849812.072760197
6.0,4.732282495,"(4714743.451115304, 2254761.3938639592)",10709.846407300312,3849812.072760197
6.0,4.860790682,"(4714743.451115304, 2254761.3938639592)",10709.846407300312,3849812.072760197
6.0,,"(4714743.451115304, 2254761.3938639592)",10709.846407300312,3849812.072760197
6.0,7.560421538,"(4714743.451115304, 2254761.3938639592)",10709.846407300312,3849812.072760197
6.0,,"(4714743.451115304, 2254761.3938639592)",10709.846407300312,3849812.072760197
6.0,5.464060783,"(4714743.451115304, 2254761.3938639592)",10709.846407300312,3849812.072760197
6.0,5.269067574,"(4714743.451115304, 2254761.3938639592)",10709.846407300312,3849812.072760197
6.0,,"(4714743.451115304, 2254761.3938639592)",10709.846407300312,3849812.072760197
6.0,,"(4714743.451115304, 2254761.3938639592)",10709.846407300312,3849812.072760197
6.0,,"(4714743.451115304, 2254761.3938639592)",10709.846407300312,3849812.072760197
6.0,,"(4714743.451115304, 2254761.3938639592)",10709.846407300312,3849812.072760197
7.0,4.522732604,"(4713275.71134015, 2252410.4420975056)",23265.233431348748,9462007.704047674
7.0,6.242630005,"(4713275.71134015, 2252410.4420975056)",23265.233431348748,9462007.704047674
7.0,5.094504762,"(4713275.71134015, 2252410.4420975056)",23265.233431348748,9462007.704047674
7.0,5.489742064,"(4713275.71134015, 2252410.4420975056)",23265.233431348748,9462007.704047674
7.0,,"(4713275.71134015, 2252410.4420975056)",23265.233431348748,9462007.704047674
7.0,4.396657276,"(4713275.71134015, 2252410.4420975056)",23265.233431348748,9462007.704047674
7.0,4.770464015,"(4713275.71134015, 2252410.4420975056)",23265.233431348748,9462007.704047674
7.0,4.250516331,"(4713275.71134015, 2252410.4420975056)",23265.233431348748,9462007.704047674
7.0,5.425888014,"(4713275.71134015, 2252410.4420975056)",23265.233431348748,9462007.704047674
7.0,5.586476111,"(4713275.71134015, 2252410.4420975056)",23265.233431348748,9462007.704047674
7.0,5.460584092,"(4713275.71134015, 2252410.4420975056)",23265.233431348748,9462007.704047674
7.0,,"(4713275.71134015, 2252410.4420975056)",23265.233431348748,9462007.704047674
7.0,4.911125183,"(4713275.71134015, 2252410.4420975056)",23265.233431348748,9462007.704047674
7.0,6.500069284,"(4713275.71134015, 2252410.4420975056)",23265.233431348748,9462007.704047674
7.0,4.299631429,"(4713275.71134015, 2252410.4420975056)",23265.233431348748,9462007.704047674
7.0,4.189263177,"(4713275.71134015, 2252410.4420975056)",23265.233431348748,9462007.704047674
7.0,4.395748937,"(4713275.71134015, 2252410.4420975056)",23265.233431348748,9462007.704047674
7.0,5.156672597,"(4713275.71134015, 2252410.4420975056)",23265.233431348748,9462007.704047674
7.0,5.56505475,"(4713275.71134015, 2252410.4420975056)",23265.233431348748,9462007.704047674
7.0,4.76925993,"(4713275.71134015, 2252410.4420975056)",23265.233431348748,9462007.704047674
7.0,5.711971664,"(4713275.71134015, 2252410.4420975056)",23265.233431348748,9462007.704047674
7.0,,"(4713275.71134015, 2252410.4420975056)",23265.233431348748,9462007.704047674
7.0,7.416925144,"(4713275.71134015, 2252410.4420975056)",23265.233431348748,9462007.704047674
7.0,7.589301419,"(4713275.71134015, 2252410.4420975056)",23265.233431348748,9462007.704047674
7.0,,"(4713275.71134015, 2252410.4420975056)",23265.233431348748,9462007.704047674
7.0,6.939874053,"(4713275.71134015, 2252410.4420975056)",23265.233431348748,9462007.704047674
7.0,6.411838627,"(4713275.71134015, 2252410.4420975056)",23265.233431348748,9462007.704047674
7.0,4.544341707,"(4713275.71134015, 2252410.4420975056)",23265.233431348748,9462007.704047674
7.0,7.264762139,"(4713275.71134015, 2252410.4420975056)",23265.233431348748,9462007.704047674
7.0,6.907012272,"(4713275.71134015, 2252410.4420975056)",23265.233431348748,9462007.704047674
7.0,6.815391588,"(4713275.71134015, 2252410.4420975056)",23265.233431348748,9462007.704047674
7.0,,"(4713275.71134015, 2252410.4420975056)",23265.233431348748,9462007.704047674
7.0,,"(4713275.71134015, 2252410.4420975056)",23265.233431348748,9462007.704047674
7.0,,"(4713275.71134015, 2252410.4420975056)",23265.233431348748,9462007.704047674
7.0,,"(4713275.71134015, 2252410.4420975056)",23265.233431348748,9462007.704047674
7.0,7.387641668,"(4713275.71134015, 2252410.4420975056)",23265.233431348748,9462007.704047674
7.0,,"(4713275.71134015, 2252410.4420975056)",23265.233431348748,9462007.704047674
7.0,,"(4713275.71134015, 2252410.4420975056)",23265.233431348748,9462007.704047674
7.0,,"(4713275.71134015, 2252410.4420975056)",23265.233431348748,9462007.704047674
7.0,4.418587995,"(4713275.71134015, 2252410.4420975056)",23265.233431348748,9462007.704047674
7.0,5.008245492,"(4713275.71134015, 2252410.4420975056)",23265.233431348748,9462007.704047674
7.0,5.025826311,"(4713275.71134015, 2252410.4420975056)",23265.233431348748,9462007.704047674
8.0,5.227517319,"(4718584.283001129, 2249006.5964515195)",16392.858844819497,5716967.861815598
8.0,5.111069083,"(4718584.283001129, 2249006.5964515195)",16392.858844819497,5716967.861815598
8.0,5.938985014,"(4718584.283001129, 2249006.5964515195)",16392.858844819497,5716967.861815598
8.0,5.287659216,"(4718584.283001129, 2249006.5964515195)",16392.858844819497,5716967.861815598
8.0,4.387703919,"(4718584.283001129, 2249006.5964515195)",16392.858844819497,5716967.861815598
8.0,4.469907212,"(4718584.283001129, 2249006.5964515195)",16392.858844819497,5716967.861815598
8.0,4.374327004,"(4718584.283001129, 2249006.5964515195)",16392.858844819497,5716967.861815598
8.0,4.747912812,"(4718584.283001129, 2249006.5964515195)",16392.858844819497,5716967.861815598
8.0,4.204120529,"(4718584.283001129, 2249006.5964515195)",16392.858844819497,5716967.861815598
8.0,3.838254893,"(4718584.283001129, 2249006.5964515195)",16392.858844819497,5716967.861815598
8.0,5.260102391,"(4718584.283001129, 2249006.5964515195)",16392.858844819497,5716967.861815598
8.0,4.505766249,"(4718584.283001129, 2249006.5964515195)",16392.858844819497,5716967.861815598
8.0,4.757119751,"(4718584.283001129, 2249006.5964515195)",16392.858844819497,5716967.861815598
8.0,4.483861184,"(4718584.283001129, 2249006.5964515195)",16392.858844819497,5716967.861815598
8.0,3.938934731,"(4718584.283001129, 2249006.5964515195)",16392.858844819497,5716967.861815598
8.0,4.566594911,"(4718584.283001129, 2249006.5964515195)",16392.858844819497,5716967.861815598
8.0,,"(4718584.283001129, 2249006.5964515195)",16392.858844819497,5716967.861815598
8.0,,"(4718584.283001129, 2249006.5964515195)",16392.858844819497,5716967.861815598
8.0,3.188687515,"(4718584.283001129, 2249006.5964515195)",16392.858844819497,5716967.861815598
9.0,4.62584455,"(4717615.2868070705, 2247244.7482453715)",18364.90299510415,6052668.286001971
9.0,4.784688067,"(4717615.2868070705, 2247244.7482453715)",18364.90299510415,6052668.286001971
9.0,6.454047441,"(4717615.2868070705, 2247244.7482453715)",18364.90299510415,6052668.286001971
9.0,5.927720165,"(4717615.2868070705, 2247244.7482453715)",18364.90299510415,6052668.286001971
9.0,4.501296377,"(4717615.2868070705, 2247244.7482453715)",18364.90299510415,6052668.286001971
9.0,4.271943116,"(4717615.2868070705, 2247244.7482453715)",18364.90299510415,6052668.286001971
9.0,4.282625568,"(4717615.2868070705, 2247244.7482453715)",18364.90299510415,6052668.286001971
9.0,5.308812547,"(4717615.2868070705, 2247244.7482453715)",18364.90299510415,6052668.286001971
9.0,4.80291574,"(4717615.2868070705, 2247244.7482453715)",18364.90299510415,6052668.286001971
9.0,5.069699264,"(4717615.2868070705, 2247244.7482453715)",18364.90299510415,6052668.286001971
9.0,,"(4717615.2868070705, 2247244.7482453715)",18364.90299510415,6052668.286001971
9.0,6.763243818,"(4717615.2868070705, 2247244.7482453715)",18364.90299510415,6052668.286001971
9.0,7.063454938,"(4717615.2868070705, 2247244.7482453715)",18364.90299510415,6052668.286001971
9.0,7.313150215,"(4717615.2868070705, 2247244.7482453715)",18364.90299510415,6052668.286001971
9.0,7.443485284,"(4717615.2868070705, 2247244.7482453715)",18364.90299510415,6052668.286001971
9.0,7.329487038,"(4717615.2868070705, 2247244.7482453715)",18364.90299510415,6052668.286001971
9.0,7.309988189,"(4717615.2868070705, 2247244.7482453715)",18364.90299510415,6052668.286001971
9.0,,"(4717615.2868070705, 2247244.7482453715)",18364.90299510415,6052668.286001971
9.0,6.861711407,"(4717615.2868070705, 2247244.7482453715)",18364.90299510415,6052668.286001971
9.0,,"(4717615.2868070705, 2247244.7482453715)",18364.90299510415,6052668.286001971
9.0,,"(4717615.2868070705, 2247244.7482453715)",18364.90299510415,6052668.286001971
9.0,6.190266109,"(4717615.2868070705, 2247244.7482453715)",18364.90299510415,6052668.286001971
9.0,4.847860074,"(4717615.2868070705, 2247244.7482453715)",18364.90299510415,6052668.286001971
10.0,4.727893448,"(4715944.532195215, 2249048.1243153503)",13632.701394923217,7360811.029417884
10.0,6.163739085,"(4715944.532195215, 2249048.1243153503)",13632.701394923217,7360811.029417884
10.0,5.674490237,"(4715944.532195215, 2249048.1243153503)",13632.701394923217,7360811.029417884
10.0,4.811661077,"(4715944.532195215, 2249048.1243153503)",13632.701394923217,7360811.029417884
10.0,4.826250887,"(4715944.532195215, 2249048.1243153503)",13632.701394923217,7360811.029417884
10.0,5.28564353,"(4715944.532195215, 2249048.1243153503)",13632.701394923217,7360811.029417884
10.0,5.760601664,"(4715944.532195215, 2249048.1243153503)",13632.701394923217,7360811.029417884
10.0,6.429459548,"(4715944.532195215, 2249048.1243153503)",13632.701394923217,7360811.029417884
10.0,5.685619617,"(4715944.532195215, 2249048.1243153503)",13632.701394923217,7360811.029417884
10.0,6.320221233,"(4715944.532195215, 2249048.1243153503)",13632.701394923217,7360811.029417884
10.0,7.263091183,"(4715944.532195215, 2249048.1243153503)",13632.701394923217,7360811.029417884
10.0,7.79296968,"(4715944.532195215, 2249048.1243153503)",13632.701394923217,7360811.029417884
10.0,,"(4715944.532195215, 2249048.1243153503)",13632.701394923217,7360811.029417884
10.0,,"(4715944.532195215, 2249048.1243153503)",13632.701394923217,7360811.029417884
10.0,,"(4715944.532195215, 2249048.1243153503)",13632.701394923217,7360811.029417884
10.0,6.251094007,"(4715944.532195215, 2249048.1243153503)",13632.701394923217,7360811.029417884
10.0,,"(4715944.532195215, 2249048.1243153503)",13632.701394923217,7360811.029417884
10.0,,"(4715944.532195215, 2249048.1243153503)",13632.701394923217,7360811.029417884
10.0,6.459672046,"(4715944.532195215, 2249048.1243153503)",13632.701394923217,7360811.029417884
10.0,7.417774177,"(4715944.532195215, 2249048.1243153503)",13632.701394923217,7360811.029417884
11.0,5.158245683,"(4713343.505881916, 2249368.142262306)",16365.175496146,7402669.301326557
11.0,6.780437708,"(4713343.505881916, 2249368.142262306)",16365.175496146,7402669.301326557
11.0,6.997909641,"(4713343.505881916, 2249368.142262306)",16365.175496146,7402669.301326557
11.0,7.715202928,"(4713343.505881916, 2249368.142262306)",16365.175496146,7402669.301326557
11.0,8.552889013,"(4713343.505881916, 2249368.142262306)",16365.175496146,7402669.301326557
11.0,7.242653251,"(4713343.505881916, 2249368.142262306)",16365.175496146,7402669.301326557
11.0,8.205398512,"(4713343.505881916, 2249368.142262306)",16365.175496146,7402669.301326557
11.0,8.009086466,"(4713343.505881916, 2249368.142262306)",16365.175496146,7402669.301326557
11.0,7.820106697,"(4713343.505881916, 2249368.142262306)",16365.175496146,7402669.301326557
11.0,,"(4713343.505881916, 2249368.142262306)",16365.175496146,7402669.301326557
11.0,,"(4713343.505881916, 2249368.142262306)",16365.175496146,7402669.301326557
12.0,4.320509267,"(4711800.387879477, 2249823.2178688487)",15425.495027124887,3973306.958403873
12.0,6.091628671,"(4711800.387879477, 2249823.2178688487)",15425.495027124887,3973306.958403873
12.0,6.150020647,"(4711800.387879477, 2249823.2178688487)",15425.495027124887,3973306.958403873
12.0,4.768605971,"(4711800.387879477, 2249823.2178688487)",15425.495027124887,3973306.958403873
12.0,5.934471774,"(4711800.387879477, 2249823.2178688487)",15425.495027124887,3973306.958403873
12.0,5.025954652,"(4711800.387879477, 2249823.2178688487)",15425.495027124887,3973306.958403873
12.0,4.049161994,"(4711800.387879477, 2249823.2178688487)",15425.495027124887,3973306.958403873
12.0,5.197910142,"(4711800.387879477, 2249823.2178688487)",15425.495027124887,3973306.958403873
12.0,5.676611471,"(4711800.387879477, 2249823.2178688487)",15425.495027124887,3973306.958403873
12.0,4.916238213,"(4711800.387879477, 2249823.2178688487)",15425.495027124887,3973306.958403873
12.0,6.844680119,"(4711800.387879477, 2249823.2178688487)",15425.495027124887,3973306.958403873
12.0,7.633423829,"(4711800.387879477, 2249823.2178688487)",15425.495027124887,3973306.958403873
12.0,7.209657907,"(4711800.387879477, 2249823.2178688487)",15425.495027124887,3973306.958403873
12.0,7.233552885,"(4711800.387879477, 2249823.2178688487)",15425.495027124887,3973306.958403873
12.0,7.743134284,"(4711800.387879477, 2249823.2178688487)",15425.495027124887,3973306.958403873
12.0,6.575413561,"(4711800.387879477, 2249823.2178688487)",15425.495027124887,3973306.958403873
12.0,6.788532877,"(4711800.387879477, 2249823.2178688487)",15425.495027124887,3973306.958403873
12.0,7.281861615,"(4711800.387879477, 2249823.2178688487)",15425.495027124887,3973306.958403873
12.0,8.154041672,"(4711800.387879477, 2249823.2178688487)",15425.495027124887,3973306.958403873
12.0,,"(4711800.387879477, 2249823.2178688487)",15425.495027124887,3973306.958403873
12.0,,"(4711800.387879477, 2249823.2178688487)",15425.495027124887,3973306.958403873
12.0,,"(4711800.387879477, 2249823.2178688487)",15425.495027124887,3973306.958403873
13.0,4.968630219,"(4710446.833375132, 2250061.46529047)",26384.22054676626,4849278.874958561
13.0,6.591107202,"(4710446.833375132, 2250061.46529047)",26384.22054676626,4849278.874958561
13.0,5.132597995,"(4710446.833375132, 2250061.46529047)",26384.22054676626,4849278.874958561
13.0,4.425589323,"(4710446.833375132, 2250061.46529047)",26384.22054676626,4849278.874958561
13.0,4.277338552,"(4710446.833375132, 2250061.46529047)",26384.22054676626,4849278.874958561
13.0,4.395987844,"(4710446.833375132, 2250061.46529047)",26384.22054676626,4849278.874958561
13.0,4.219386601,"(4710446.833375132, 2250061.46529047)",26384.22054676626,4849278.874958561
13.0,4.809656429,"(4710446.833375132, 2250061.46529047)",26384.22054676626,4849278.874958561
13.0,4.826122189,"(4710446.833375132, 2250061.46529047)",26384.22054676626,4849278.874958561
13.0,7.86277287,"(4710446.833375132, 2250061.46529047)",26384.22054676626,4849278.874958561
13.0,,"(4710446.833375132, 2250061.46529047)",26384.22054676626,4849278.874958561
13.0,6.684771919,"(4710446.833375132, 2250061.46529047)",26384.22054676626,4849278.874958561
13.0,,"(4710446.833375132, 2250061.46529047)",26384.22054676626,4849278.874958561
13.0,,"(4710446.833375132, 2250061.46529047)",26384.22054676626,4849278.874958561
13.0,6.080862999,"(4710446.833375132, 2250061.46529047)",26384.22054676626,4849278.874958561
14.0,5.346112943,"(4716105.141389329, 2243895.5048197634)",19965.6870591178,14414322.82772217
14.0,6.235858846,"(4716105.141389329, 2243895.5048197634)",19965.6870591178,14414322.82772217
14.0,6.22583456,"(4716105.141389329, 2243895.5048197634)",19965.6870591178,14414322.82772217
14.0,7.816454291,"(4716105.141389329, 2243895.5048197634)",19965.6870591178,14414322.82772217
14.0,8.568110418,"(4716105.141389329, 2243895.5048197634)",19965.6870591178,14414322.82772217
14.0,7.792836761,"(4716105.141389329, 2243895.5048197634)",19965.6870591178,14414322.82772217
14.0,7.389597082,"(4716105.141389329, 2243895.5048197634)",19965.6870591178,14414322.82772217
14.0,8.352802706,"(4716105.141389329, 2243895.5048197634)",19965.6870591178,14414322.82772217
14.0,8.187756968,"(4716105.141389329, 2243895.5048197634)",19965.6870591178,14414322.82772217
14.0,6.684630537,"(4716105.141389329, 2243895.5048197634)",19965.6870591178,14414322.82772217
14.0,7.867729402,"(4716105.141389329, 2243895.5048197634)",19965.6870591178,14414322.82772217
14.0,7.870884681,"(4716105.141389329, 2243895.5048197634)",19965.6870591178,14414322.82772217
14.0,8.510958862,"(4716105.141389329, 2243895.5048197634)",19965.6870591178,14414322.82772217
14.0,7.897436476,"(4716105.141389329, 2243895.5048197634)",19965.6870591178,14414322.82772217
14.0,7.857497692,"(4716105.141389329, 2243895.5048197634)",19965.6870591178,14414322.82772217
14.0,6.723931909,"(4716105.141389329, 2243895.5048197634)",19965.6870591178,14414322.82772217
14.0,8.405806303,"(4716105.141389329, 2243895.5048197634)",19965.6870591178,14414322.82772217
14.0,,"(4716105.141389329, 2243895.5048197634)",19965.6870591178,14414322.82772217
14.0,6.884635806,"(4716105.141389329, 2243895.5048197634)",19965.6870591178,14414322.82772217
14.0,7.155439734,"(4716105.141389329, 2243895.5048197634)",19965.6870591178,14414322.82772217
14.0,7.378001022,"(4716105.141389329, 2243895.5048197634)",19965.6870591178,14414322.82772217
14.0,8.30188117,"(4716105.141389329, 2243895.5048197634)",19965.6870591178,14414322.82772217
15.0,5.45140667,"(4713893.91312301, 2245262.804141909)",13279.243204644288,7288420.726785111
15.0,5.588474464,"(4713893.91312301, 2245262.804141909)",13279.243204644288,7288420.726785111
15.0,4.869828105,"(4713893.91312301, 2245262.804141909)",13279.243204644288,7288420.726785111
15.0,6.600695848,"(4713893.91312301, 2245262.804141909)",13279.243204644288,7288420.726785111
15.0,7.242431355,"(4713893.91312301, 2245262.804141909)",13279.243204644288,7288420.726785111
15.0,7.60346415,"(4713893.91312301, 2245262.804141909)",13279.243204644288,7288420.726785111
15.0,6.5064574,"(4713893.91312301, 2245262.804141909)",13279.243204644288,7288420.726785111
15.0,5.199482775,"(4713893.91312301, 2245262.804141909)",13279.243204644288,7288420.726785111
15.0,5.352354097,"(4713893.91312301, 2245262.804141909)",13279.243204644288,7288420.726785111
15.0,7.666570568,"(4713893.91312301, 2245262.804141909)",13279.243204644288,7288420.726785111
16.0,6.726418066,"(4712464.646424875, 2246614.0744316597)",25695.01663420784,8856232.001394011
16.0,5.110700583,"(4712464.646424875, 2246614.0744316597)",25695.01663420784,8856232.001394011
16.0,4.927655482,"(4712464.646424875, 2246614.0744316597)",25695.01663420784,8856232.001394011
16.0,4.596140575,"(4712464.646424875, 2246614.0744316597)",25695.01663420784,8856232.001394011
16.0,6.768248463,"(4712464.646424875, 2246614.0744316597)",25695.01663420784,8856232.001394011
16.0,5.276722133,"(4712464.646424875, 2246614.0744316597)",25695.01663420784,8856232.001394011
16.0,6.462466717,"(4712464.646424875, 2246614.0744316597)",25695.01663420784,8856232.001394011
16.0,6.067987585,"(4712464.646424875, 2246614.0744316597)",25695.01663420784,8856232.001394011
16.0,6.477625895,"(4712464.646424875, 2246614.0744316597)",25695.01663420784,8856232.001394011
16.0,4.610989928,"(4712464.646424875, 2246614.0744316597)",25695.01663420784,8856232.001394011
16.0,5.137513256,"(4712464.646424875, 2246614.0744316597)",25695.01663420784,8856232.001394011
16.0,4.650844336,"(4712464.646424875, 2246614.0744316597)",25695.01663420784,8856232.001394011
16.0,5.761356807,"(4712464.646424875, 2246614.0744316597)",25695.01663420784,8856232.001394011
16.0,4.569023609,"(4712464.646424875, 2246614.0744316597)",25695.01663420784,8856232.001394011
16.0,7.549130487,"(4712464.646424875, 2246614.0744316597)",25695.01663420784,8856232.001394011
16.0,7.608498335,"(4712464.646424875, 2246614.0744316597)",25695.01663420784,8856232.001394011
16.0,7.214804888,"(4712464.646424875, 2246614.0744316597)",25695.01663420784,8856232.001394011
16.0,7.688854122,"(4712464.646424875, 2246614.0744316597)",25695.01663420784,8856232.001394011
16.0,7.851115727,"(4712464.646424875, 2246614.0744316597)",25695.01663420784,8856232.001394011
16.0,7.319082236,"(4712464.646424875, 2246614.0744316597)",25695.01663420784,8856232.001394011
16.0,6.006965351,"(4712464.646424875, 2246614.0744316597)",25695.01663420784,8856232.001394011
16.0,6.11543262,"(4712464.646424875, 2246614.0744316597)",25695.01663420784,8856232.001394011
16.0,7.579799938,"(4712464.646424875, 2246614.0744316597)",25695.01663420784,8856232.001394011
16.0,,"(4712464.646424875, 2246614.0744316597)",25695.01663420784,8856232.001394011
16.0,,"(4712464.646424875, 2246614.0744316597)",25695.01663420784,8856232.001394011
16.0,,"(4712464.646424875, 2246614.0744316597)",25695.01663420784,8856232.001394011
50.0,,"(4702567.6733262185, 2257955.7318096347)",38399.21195236707,57799202.50778169
50.0,4.814259386,"(4702567.6733262185, 2257955.7318096347)",38399.21195236707,57799202.50778169
50.0,6.889573932,"(4702567.6733262185, 2257955.7318096347)",38399.21195236707,57799202.50778169
60.0,4.608401084,"(4708034.050193128, 2253812.2220230075)",51162.61742571545,54112792.24240477
60.0,5.630728722,"(4708034.050193128, 2253812.2220230075)",51162.61742571545,54112792.24240477
60.0,5.275637007,"(4708034.050193128, 2253812.2220230075)",51162.61742571545,54112792.24240477
60.0,4.384720254,"(4708034.050193128, 2253812.2220230075)",51162.61742571545,54112792.24240477
60.0,4.234714794,"(4708034.050193128, 2253812.2220230075)",51162.61742571545,54112792.24240477
60.0,4.169457638,"(4708034.050193128, 2253812.2220230075)",51162.61742571545,54112792.24240477
60.0,4.498489904,"(4708034.050193128, 2253812.2220230075)",51162.61742571545,54112792.24240477
60.0,4.816663218,"(4708034.050193128, 2253812.2220230075)",51162.61742571545,54112792.24240477
60.0,6.058312464,"(4708034.050193128, 2253812.2220230075)",51162.61742571545,54112792.24240477
60.0,,"(4708034.050193128, 2253812.2220230075)",51162.61742571545,54112792.24240477
60.0,,"(4708034.050193128, 2253812.2220230075)",51162.61742571545,54112792.24240477
60.0,,"(4708034.050193128, 2253812.2220230075)",51162.61742571545,54112792.24240477
60.0,7.106552577,"(4708034.050193128, 2253812.2220230075)",51162.61742571545,54112792.24240477
60.0,,"(4708034.050193128, 2253812.2220230075)",51162.61742571545,54112792.24240477
60.0,,"(4708034.050193128, 2253812.2220230075)",51162.61742571545,54112792.24240477
60.0,,"(4708034.050193128, 2253812.2220230075)",51162.61742571545,54112792.24240477
70.0,4.2688573,"(4708517.330020405, 2246822.6598185324)",35012.58288575261,28725783.28352506
70.0,4.965747499,"(4708517.330020405, 2246822.6598185324)",35012.58288575261,28725783.28352506
70.0,4.869861341,"(4708517.330020405, 2246822.6598185324)",35012.58288575261,28725783.28352506
70.0,,"(4708517.330020405, 2246822.6598185324)",35012.58288575261,28725783.28352506
70.0,6.002694178,"(4708517.330020405, 2246822.6598185324)",35012.58288575261,28725783.28352506
80.0,4.33742522,"(4704270.352085299, 2245613.063627898)",40472.28393637327,60567771.68704203
80.0,5.185416102,"(4704270.352085299, 2245613.063627898)",40472.28393637327,60567771.68704203
80.0,6.14355104,"(4704270.352085299, 2245613.063627898)",40472.28393637327,60567771.68704203
80.0,,"(4704270.352085299, 2245613.063627898)",40472.28393637327,60567771.68704203
80.0,6.372441506,"(4704270.352085299, 2245613.063627898)",40472.28393637327,60567771.68704203
80.0,5.45949862,"(4704270.352085299, 2245613.063627898)",40472.28393637327,60567771.68704203
80.0,4.601991081,"(4704270.352085299, 2245613.063627898)",40472.28393637327,60567771.68704203
80.0,5.876924467,"(4704270.352085299, 2245613.063627898)",40472.28393637327,60567771.68704203
80.0,6.172964334,"(4704270.352085299, 2245613.063627898)",40472.28393637327,60567771.68704203
80.0,5.480317664,"(4704270.352085299, 2245613.063627898)",40472.28393637327,60567771.68704203
80.0,5.531529427,"(4704270.352085299, 2245613.063627898)",40472.28393637327,60567771.68704203
80.0,7.156289577,"(4704270.352085299, 2245613.063627898)",40472.28393637327,60567771.68704203
80.0,6.807099605,"(4704270.352085299, 2245613.063627898)",40472.28393637327,60567771.68704203
90.0,,"(4721626.544324636, 2247611.5894908938)",66527.05396435653,74114152.89082207
90.0,,"(4721626.544324636, 2247611.5894908938)",66527.05396435653,74114152.89082207
90.0,,"(4721626.544324636, 2247611.5894908938)",66527.05396435653,74114152.89082207
90.0,7.423893309,"(4721626.544324636, 2247611.5894908938)",66527.05396435653,74114152.89082207
