comuna,isce_total_2018,iscec_total_2017,iscec_total_2016,iscec_total_2015
1.0,4.983416058125,5.001186180125,4.792681236333333,3.9354103460000003
2.0,4.909960516333333,5.0510096193636365,4.538902322,4.376899930636363
3.0,5.075515229285715,4.910590222684211,4.9145435750625,4.228054507285714
4.0,5.628077095434782,5.543902615347826,5.469865008409091,4.974391603772727
5.0,5.690971940478261,5.63449916,5.41603789805,5.0891759980909095
6.0,5.098998270235294,4.9891563005625,4.9064530194166665,4.230834931533334
7.0,5.563507762580645,5.672794778303031,5.522090592620689,5.1993103059
8.0,4.605207278411765,4.9598300383125,4.2560780396428575,4.1956266171875
9.0,5.850117889842105,5.906715806277777,5.632104837882353,5.496209285333333
10.0,6.0580120946000005,5.935993192133334,5.845127119133334,5.288142025133334
11.0,7.386881099888888,7.416647442,7.618167331333333,7.062948974
12.0,6.189232186894737,6.051372018166666,6.096101275333334,5.845996202736842
13.0,5.356235345166667,5.284465859,4.9782637667000005,4.281659263
14.0,7.497818960428571,7.2213078808999995,7.4654187823000004,7.1652739279999995
15.0,6.2081165432,6.2648413302,5.784441761625,5.5039637781
16.0,6.177277266913043,5.977092248136364,6.1092457027,5.526925577318182
50.0,5.8519166590000005,5.885042858,5.446457422,4.329902482
60.0,5.0783677662,5.1099001526,4.88141268175,4.438591780888888
70.0,5.0267900795,5.129690639,4.664161706,5.3221293843333335
80.0,5.7604540535833335,5.675693541875,5.439622151888889,5.282776681555556
90.0,7.423893309,7.322551346,,4.943609118
