,codigo,nombre,i_2014,i_2015,i_2016,i_2017,i_2018,i_2019,i_2020,i_2021,i_2022,i_2023
0,1,Popular,0.57,0.64,0.58,0.58,0.58,0.57,0.56,0.61,,
1,2,Santa Cruz,0.58,0.65,0.6,0.6,0.6,0.62,0.57,0.64,,
2,3,Manrique,0.61,0.68,0.61,0.62,0.62,0.62,0.57,0.64,,
3,4,Aranjuez,0.65,0.7,0.64,0.66,0.68,0.7,0.67,0.68,,
4,5,Castilla,0.67,0.72,0.69,0.66,0.73,0.75,0.61,0.7,,
5,6,Doce de Octubre,0.62,0.7,0.63,0.64,0.67,0.68,0.6,0.67,,
6,7,Robledo,0.66,0.7,0.67,0.67,0.68,0.68,0.61,0.7,,
7,8,Villa Hermosa,0.63,0.69,0.62,0.64,0.62,0.62,0.59,0.65,,
8,9,Buenos Aires,0.68,0.74,0.69,0.68,0.68,0.67,0.6,0.7,,
9,10,La Candelaria,0.75,0.76,0.74,0.73,0.76,0.78,0.63,0.73,,
10,11,Laureles Estadio,0.83,0.84,0.84,0.84,0.91,0.91,0.72,0.81,,
11,12,La América,0.79,0.77,0.76,0.8,0.83,0.84,0.69,0.8,,
12,13,San Javier,0.63,0.69,0.64,0.65,0.61,0.6,0.58,0.66,,
13,14,El Poblado,0.91,0.92,0.9,0.93,1.0,1.01,0.74,0.87,,
14,15,Guayabal,0.7,0.73,0.7,0.69,0.82,0.83,0.61,0.74,,
15,16,Belén,0.76,0.78,0.76,0.77,0.75,0.75,0.73,0.73,,
16,50,San Sebastián de Palmitas,0.61,0.7,0.61,0.65,0.68,0.66,0.54,0.69,,
17,60,San Cristóbal,0.63,0.72,0.66,0.65,0.61,0.61,0.6,0.63,,
18,70,Altavista,0.59,0.74,0.67,0.7,0.6,0.69,0.58,0.7,,
19,80,San Antonio de Prado,0.64,0.71,0.67,0.68,0.72,0.73,0.61,0.66,,
20,90,Santa Elena,0.65,0.68,0.61,0.65,0.66,0.61,0.7,0.71,,
