codigo,suscriptores_acueducto,suscriptores_normalizados_acueducto,suscriptores_alcantarillado,suscriptores_normalizados_alcantarillado,suscriptores_aseo,suscriptores_normalizados_aseo
1,6019.5,0.4734277650567122,5694.25,0.451539567383237,5855.0,0.4771983416975779
2,4959.5,0.3887587198466372,4759.5,0.376537059944502,4961.25,0.4040680231289548
3,6200.6,0.4878933915543958,6029.8,0.478463441543245,6151.6,0.5014673794457779
4,7939.5,0.6267905639277916,7635.5,0.6073016615960684,7892.0,0.6438740999345407
5,7279.25,0.5740521327014219,7056.75,0.560863896225469,7251.25,0.5914452869299586
6,9382.5,0.7420522924543372,9323.75,0.7427635318110395,9334.5,0.7619054113026401
7,10002.2,0.7915517333191331,9997.8,0.7968479823476313,9806.2,0.8005018546803404
8,8559.5,0.676313967729911,8343.5,0.6641101935742704,8468.5,0.6910457124154483
9,7176.5,0.5658448266680867,7203.5,0.5726388285246231,7126.333333333333,0.5812240890246563
10,6260.2,0.4926540284360188,6304.0,0.5004647119788707,6143.4,0.5007964215579315
11,7831.666666666667,0.6181772192342511,7773.0,0.6183343920296881,7469.166666666667,0.6092761291730308
12,6529.333333333333,0.5141514457638852,6485.833333333333,0.5150546621644211,6330.333333333333,0.5160920794239581
13,7964.4,0.628779487725651,7903.2,0.628781384774832,7915.2,0.64577241981235
14,10206.0,0.8078305554076362,10150.5,0.809100330981913,9831.666666666666,0.8025856425921885
15,3416.8,0.2655333084828798,3458.2,0.2721232991207248,3418.0,0.2777929303949378
16,12611.833333333334,1.0,12529.666666666666,1.0,12244.333333333334,1.0
50,92.5,0.0,66.75,0.0,23.0,0.0
60,6142.4,0.4832445817136162,5426.0,0.4300157132827388,5528.6,0.4504909447959851
70,1692.0,0.1277623941636934,2164.8,0.1683434188091337,1597.2,0.1288075496399738
80,6153.6,0.4841391980403642,5735.0,0.4548092674935642,6066.8,0.4945286929958542
90,649.8333333333334,0.0445178124500772,144.16666666666666,0.0062117615592925,260.6666666666667,0.01944686886319
