,periodo,codigo,servicio,suscriptores
0,2017,1,Acueducto,6041.75
1,2017,1,Alcantarillado,5691.25
2,2017,1,Aseo,5843.25
3,2017,2,Acueducto,4968.25
4,2017,2,Alcantarillado,4752.25
5,2017,2,Aseo,4913.25
6,2017,3,Acueducto,6218.0
7,2017,3,Alcantarillado,6035.8
8,2017,3,Aseo,6121.0
9,2017,4,Acueducto,6374.8
10,2017,4,Alcantarillado,6082.0
11,2017,4,Aseo,6302.6
12,2017,5,Acueducto,7264.5
13,2017,5,Alcantarillado,6988.5
14,2017,5,Aseo,7201.0
15,2017,6,Acueducto,7508.6
16,2017,6,Alcantarillado,7437.6
17,2017,6,Aseo,7435.6
18,2017,7,Acueducto,7973.0
19,2017,7,Alcantarillado,8056.166666666667
20,2017,7,Aseo,7956.0
21,2017,8,Acueducto,8595.75
22,2017,8,Alcantarillado,8358.25
23,2017,8,Aseo,8419.25
24,2017,9,Acueducto,7024.666666666667
25,2017,9,Alcantarillado,7028.833333333333
26,2017,9,Aseo,6940.0
27,2017,10,Acueducto,5307.833333333333
28,2017,10,Alcantarillado,5292.0
29,2017,10,Aseo,5189.0
30,2017,11,Acueducto,7223.333333333333
31,2017,11,Alcantarillado,7208.833333333333
32,2017,11,Aseo,6886.333333333333
33,2017,12,Acueducto,5867.0
34,2017,12,Alcantarillado,5860.666666666667
35,2017,12,Aseo,5714.166666666667
36,2017,13,Acueducto,7698.8
37,2017,13,Alcantarillado,7636.4
38,2017,13,Aseo,7605.4
39,2017,14,Acueducto,8306.333333333334
40,2017,14,Alcantarillado,8310.833333333334
41,2017,14,Aseo,8046.333333333333
42,2017,15,Acueducto,3439.0
43,2017,15,Alcantarillado,3444.0
44,2017,15,Aseo,3416.6
45,2017,16,Acueducto,11201.833333333334
46,2017,16,Alcantarillado,11193.5
47,2017,16,Aseo,10962.666666666666
48,2017,50,Acueducto,66.25
49,2017,50,Alcantarillado,33.0
50,2017,50,Aseo,9.75
51,2017,60,Acueducto,4233.5
52,2017,60,Alcantarillado,3843.8333333333335
53,2017,60,Aseo,3621.6666666666665
54,2017,70,Acueducto,1818.8
55,2017,70,Alcantarillado,1493.6
56,2017,70,Aseo,1371.2
57,2017,80,Acueducto,6005.0
58,2017,80,Alcantarillado,5743.2
59,2017,80,Aseo,5596.0
60,2017,90,Acueducto,608.1666666666666
61,2017,90,Alcantarillado,123.16666666666667
62,2017,90,Aseo,107.33333333333333
63,2018,1,Acueducto,6019.5
64,2018,1,Alcantarillado,5694.25
65,2018,1,Aseo,5855.0
66,2018,2,Acueducto,4959.5
67,2018,2,Alcantarillado,4759.5
68,2018,2,Aseo,4961.25
69,2018,3,Acueducto,6200.6
70,2018,3,Alcantarillado,6029.8
71,2018,3,Aseo,6151.6
72,2018,4,Acueducto,7939.5
73,2018,4,Alcantarillado,7635.5
74,2018,4,Aseo,7892.0
75,2018,5,Acueducto,7279.25
76,2018,5,Alcantarillado,7056.75
77,2018,5,Aseo,7251.25
78,2018,6,Acueducto,9382.5
79,2018,6,Alcantarillado,9323.75
80,2018,6,Aseo,9334.5
81,2018,7,Acueducto,10002.2
82,2018,7,Alcantarillado,9997.8
83,2018,7,Aseo,9806.2
84,2018,8,Acueducto,8559.5
85,2018,8,Alcantarillado,8343.5
86,2018,8,Aseo,8468.5
87,2018,9,Acueducto,7176.5
88,2018,9,Alcantarillado,7203.5
89,2018,9,Aseo,7126.333333333333
90,2018,10,Acueducto,6260.2
91,2018,10,Alcantarillado,6304.0
92,2018,10,Aseo,6143.4
93,2018,11,Acueducto,7831.666666666667
94,2018,11,Alcantarillado,7773.0
95,2018,11,Aseo,7469.166666666667
96,2018,12,Acueducto,6529.333333333333
97,2018,12,Alcantarillado,6485.833333333333
98,2018,12,Aseo,6330.333333333333
99,2018,13,Acueducto,7964.4
100,2018,13,Alcantarillado,7903.2
101,2018,13,Aseo,7915.2
102,2018,14,Acueducto,10206.0
103,2018,14,Alcantarillado,10150.5
104,2018,14,Aseo,9831.666666666666
105,2018,15,Acueducto,3416.8
106,2018,15,Alcantarillado,3458.2
107,2018,15,Aseo,3418.0
108,2018,16,Acueducto,12611.833333333334
109,2018,16,Alcantarillado,12529.666666666666
110,2018,16,Aseo,12244.333333333334
111,2018,50,Acueducto,92.5
112,2018,50,Alcantarillado,66.75
113,2018,50,Aseo,23.0
114,2018,60,Acueducto,6142.4
115,2018,60,Alcantarillado,5426.0
116,2018,60,Aseo,5528.6
117,2018,70,Acueducto,1692.0
118,2018,70,Alcantarillado,2164.8
119,2018,70,Aseo,1597.2
120,2018,80,Acueducto,6153.6
121,2018,80,Alcantarillado,5735.0
122,2018,80,Aseo,6066.8
123,2018,90,Acueducto,649.8333333333334
124,2018,90,Alcantarillado,144.16666666666666
125,2018,90,Aseo,260.6666666666667
126,2019,1,Acueducto,5863.0
127,2019,1,Alcantarillado,5636.0
128,2019,1,Aseo,5654.5
129,2019,2,Acueducto,4853.5
130,2019,2,Alcantarillado,4709.0
131,2019,2,Aseo,4783.5
132,2019,3,Acueducto,6355.6
133,2019,3,Alcantarillado,6272.4
134,2019,3,Aseo,6366.6
135,2019,4,Acueducto,9555.5
136,2019,4,Alcantarillado,9354.25
137,2019,4,Aseo,9582.25
138,2019,5,Acueducto,7142.75
139,2019,5,Alcantarillado,6901.5
140,2019,5,Aseo,7086.0
141,2019,6,Acueducto,9240.25
142,2019,6,Alcantarillado,9225.5
143,2019,6,Aseo,9192.5
144,2019,7,Acueducto,10026.8
145,2019,7,Alcantarillado,10007.2
146,2019,7,Aseo,8716.1088
147,2019,8,Acueducto,8363.5
148,2019,8,Alcantarillado,8436.75
149,2019,8,Aseo,8387.5
150,2019,9,Acueducto,7312.333333333333
151,2019,9,Alcantarillado,7334.666666666667
152,2019,9,Aseo,7337.666666666667
153,2019,10,Acueducto,5972.8
154,2019,10,Alcantarillado,5974.4
155,2019,10,Aseo,6080.6
156,2019,11,Acueducto,6603.833333333333
157,2019,11,Alcantarillado,6594.666666666667
158,2019,11,Aseo,6614.166666666667
159,2019,12,Acueducto,5454.666666666667
160,2019,12,Alcantarillado,5464.0
161,2019,12,Aseo,5495.166666666667
162,2019,13,Acueducto,7532.8
163,2019,13,Alcantarillado,7555.2
164,2019,13,Aseo,7516.6
165,2019,14,Acueducto,7985.166666666667
166,2019,14,Alcantarillado,7993.833333333333
167,2019,14,Aseo,8012.5
168,2019,15,Acueducto,3294.8
169,2019,15,Alcantarillado,3287.8
170,2019,15,Aseo,3277.6
171,2019,16,Acueducto,11278.5
172,2019,16,Alcantarillado,11284.166666666666
173,2019,16,Aseo,11260.0
174,2019,50,Acueducto,84.5
175,2019,50,Alcantarillado,65.25
176,2019,50,Aseo,192.5
177,2019,60,Acueducto,6116.8
178,2019,60,Alcantarillado,5667.4
179,2019,60,Aseo,6052.2
180,2019,70,Acueducto,1454.6
181,2019,70,Alcantarillado,1713.6
182,2019,70,Aseo,1592.4
183,2019,80,Acueducto,5883.6
184,2019,80,Alcantarillado,5655.6
185,2019,80,Aseo,6090.4
186,2019,90,Acueducto,892.8333333333334
187,2019,90,Alcantarillado,241.33333333333334
188,2019,90,Aseo,828.3333333333334
